MedleyID	HasImages	HasTables	NoOfTableRows	AverageDepthOfTree	WordCount	AverageSentenceLength	ContentWordCount	ContentWordCountNoStopwords	ContentWordIncidence	NounCount	NounIncidence	VerbCount	VerbIncidence	AdjectiveCount	AdjectiveIncidence	AdverbCount	AdverbIncidence	NumberCount	NumberIncidence	ReferentialPronounCount	TypeTokenRatio	CommaIndex	ComplexWordCount	AverageNoWordsBeforeMainVb	AverageWordLengthInSyllables	NegationCount	AgentlessPassiveCount	AverageSenseNoContentWords	AverageSenseNoNouns	AverageSenseNoVerbs	AverageSenseNoAdjectives	AverageSenseNoAdverbs	PolysemicWordIndex	AverageNounDistanceToWNRoot	AverageVerbDistanceToWNRoot	AverageNounAndVerbDistanceToWNRoot	AnswerWordsInWordNetRatio	SMOG	SMOGIndex	FleschReadingEase	FleschKincaidGradeLevel	AutomatedReadabilityIndex	GunningFog	ColemanLiau	AverageWordFrequencyAbs	AverageWordFrequencyRel	AverageWordFrequencyRank	AverageContentFrequencyAbs	AverageContentFrequencyRel	AverageContentFrequencyRank	Imagability	ImagabilityFoundOnly	ImagabilityRatio	Familiarity	FamiliarityFoundOnly	FamiliarityRatio	Concreteness	ConcretenessFoundOnly	ConcretenessRatio	AgeOfAcquisition	AgeOfAcquisitionFoundOnly	AgeOfAcquisitionRatio	MeaningfulnessColoradoFoundOnly	MeaningfulnessPavioFoundOnly	ConnectivesCount	TemporalConnectivesCount	CausalConnectivesCount	AdditiveConnectivesCount	
T10Q1	0	0	0	7.38	181.00	11.31	115.00	106.00	635.36	49.00	270.72	41.00	226.52	12.00	66.30	13.00	71.82	4.00	22.10	8.00	0.51	0.04	21.00	3.38	1.39	2.00	0.00	6.77	3.82	12.63	1.92	3.85	0.49	7.46	1.63	4.80	1.00	9.67	9.27	78.03	5.19	5.20	8.80	8.43	876632.12	141.68	724.01	357015.50	57.70	919.85	211.13	373.54	13723.48	330.72	585.12	21496.91	189.68	340.83	12139.41	5.90	6.17	648.90	400.78	669.71	17.00	2.00	6.00	7.00	
T10Q2	0	0	0	8.50	171.00	10.69	108.00	98.00	631.58	44.00	257.31	39.00	228.07	13.00	76.02	12.00	70.18	3.00	17.54	11.00	0.57	0.04	19.00	3.25	1.40	1.00	0.00	6.47	3.75	11.87	1.77	4.00	0.48	7.31	1.74	4.69	1.00	9.35	8.97	77.25	5.14	5.12	8.40	8.72	825192.20	133.37	707.03	383065.31	61.91	896.95	209.53	370.97	12781.19	331.55	587.00	20224.32	179.51	334.26	10411.54	5.97	6.26	615.01	400.45	659.20	17.00	4.00	7.00	8.00	
T10Q3	0	0	0	7.63	155.00	9.69	98.00	90.00	632.26	39.00	251.61	35.00	225.81	11.00	70.97	13.00	83.87	3.00	19.35	7.00	0.58	0.05	19.00	2.88	1.41	1.00	0.00	6.49	3.67	11.80	1.64	4.77	0.47	7.33	1.70	4.67	0.00	9.35	8.97	77.47	4.86	4.62	8.40	7.72	873591.72	141.19	719.14	389013.82	62.87	902.52	218.88	376.32	12476.02	341.30	586.79	19453.87	191.77	335.59	10738.86	5.89	6.21	547.81	402.10	659.20	16.00	3.00	6.00	6.00	
T11Q1	0	0	0	11.14	206.00	29.43	122.00	117.00	592.23	61.00	296.12	24.00	116.50	26.00	126.21	11.00	53.40	8.00	38.83	8.00	0.62	0.05	28.00	11.43	1.55	1.00	0.00	4.89	3.80	12.71	0.69	3.82	0.42	5.76	1.85	4.66	0.89	14.55	13.95	45.55	14.22	15.90	16.80	11.48	899917.44	145.45	851.02	212041.46	34.27	1143.73	233.61	390.42	17053.88	345.86	578.01	25247.83	189.43	355.54	12312.70	4.43	6.07	393.87	421.32	580.00	20.00	2.00	7.00	5.00	
T11Q2	0	0	0	9.43	198.00	28.29	116.00	108.00	585.86	57.00	287.88	28.00	141.41	22.00	111.11	9.00	45.45	7.00	35.35	8.00	0.68	0.05	25.00	11.43	1.51	2.00	0.00	5.28	3.61	12.75	0.73	3.78	0.43	5.69	1.82	4.42	0.91	13.93	13.35	50.37	13.26	14.38	16.00	10.30	935239.49	151.16	916.92	306257.26	49.50	1212.22	228.72	379.01	16010.09	348.60	577.69	24402.24	191.83	342.34	12468.79	4.93	6.15	458.61	418.59	571.64	18.00	2.00	8.00	5.00	
T11Q3	0	0	0	11.29	195.00	27.86	114.00	108.00	584.62	58.00	297.44	25.00	128.21	23.00	117.95	8.00	41.03	7.00	35.90	8.00	0.66	0.05	27.00	11.43	1.56	1.00	0.00	5.03	3.59	12.60	0.74	4.13	0.43	5.44	1.87	4.36	0.88	14.35	13.76	46.24	13.73	15.08	16.00	11.44	939013.06	151.77	905.71	263012.68	42.51	1214.52	224.65	388.03	14826.84	333.43	575.92	22006.37	187.44	350.30	11433.75	4.80	6.29	417.46	426.49	579.00	17.00	2.00	7.00	5.00	
T12Q1	0	0	0	10.57	180.00	25.71	94.00	89.00	522.22	51.00	283.33	23.00	127.78	15.00	83.33	5.00	27.78	2.00	11.11	23.00	0.58	0.08	28.00	7.71	1.54	0.00	0.00	5.06	4.10	9.83	1.53	3.60	0.38	5.70	1.43	4.37	1.00	14.55	13.95	50.55	12.60	12.88	16.00	10.03	936559.70	151.37	808.87	287560.79	46.48	1324.10	275.64	424.75	16813.94	375.36	578.43	22897.06	233.52	391.98	13077.19	5.83	6.68	477.88	458.33	600.00	26.00	3.00	11.00	16.00	
T12Q2	0	0	0	10.57	188.00	26.86	97.00	92.00	515.96	52.00	276.60	24.00	127.66	16.00	85.11	5.00	26.60	2.00	10.64	23.00	0.57	0.09	28.00	7.86	1.51	0.00	0.00	4.97	4.19	9.29	1.38	3.80	0.37	5.64	1.40	4.30	0.80	14.55	13.95	51.78	12.71	13.14	16.00	9.64	990343.93	160.06	781.84	279717.11	45.21	1297.22	285.98	426.77	18588.66	387.45	578.20	25184.48	233.49	397.35	13309.21	5.72	6.60	480.19	456.89	610.13	29.00	3.00	11.00	18.00	
T12Q3	0	0	0	11.00	199.00	28.43	108.00	102.00	542.71	55.00	276.38	31.00	155.78	15.00	75.38	7.00	35.18	2.00	10.05	23.00	0.56	0.08	34.00	7.29	1.57	1.00	0.00	5.26	4.11	9.32	1.53	4.29	0.41	5.53	1.65	4.13	0.94	15.72	15.07	45.34	14.00	14.65	18.00	10.55	923187.79	149.21	906.24	273259.95	44.16	1466.33	265.47	409.59	18583.06	373.75	576.64	26162.50	228.18	379.12	14831.44	5.83	6.63	553.74	443.92	578.29	28.00	4.00	13.00	16.00	
T13Q1	0	0	0	10.50	182.00	13.00	114.00	110.00	626.37	48.00	263.74	41.00	225.27	10.00	54.95	15.00	82.42	1.00	5.49	11.00	0.57	0.04	28.00	2.50	1.55	2.00	0.00	5.08	3.63	8.59	1.10	2.80	0.43	7.57	1.33	4.70	1.00	11.21	10.75	62.09	7.83	7.87	11.20	10.71	579897.27	93.72	1034.51	123869.10	20.02	1332.70	263.99	412.26	19271.36	349.85	546.34	25539.11	249.74	390.00	18230.79	5.41	5.93	562.19	395.14	610.31	29.00	6.00	8.00	13.00	
T13Q2	0	0	0	9.36	195.00	13.93	119.00	116.00	610.26	52.00	266.67	41.00	210.26	12.00	61.54	14.00	71.79	1.00	5.13	14.00	0.56	0.04	32.00	2.21	1.57	2.00	0.00	5.39	4.38	8.85	1.25	2.57	0.43	7.37	1.34	4.71	0.94	11.77	11.28	59.94	8.36	8.31	11.60	10.68	575881.90	93.08	1009.06	79615.15	12.87	1316.30	257.03	413.32	19019.87	339.11	545.32	25094.08	243.97	392.32	18053.51	5.43	6.04	581.02	404.26	616.76	30.00	8.00	8.00	12.00	
T13Q3	0	0	0	9.43	170.00	12.14	105.00	102.00	617.65	47.00	276.47	36.00	211.76	10.00	58.82	12.00	70.59	1.00	5.88	10.00	0.61	0.04	28.00	2.21	1.56	2.00	0.00	4.88	3.72	8.17	1.10	2.67	0.42	7.65	1.42	4.95	1.00	11.21	10.75	62.14	7.61	7.30	11.20	10.54	567677.23	91.75	903.86	86158.75	13.93	1136.71	255.80	419.67	16371.20	330.54	542.30	21154.74	243.03	398.72	15553.83	5.41	5.98	514.39	401.42	620.80	29.00	5.00	8.00	14.00	
T14Q1	0	0	0	7.50	163.00	20.38	104.00	83.00	638.04	47.00	288.34	28.00	171.78	23.00	141.10	6.00	36.81	4.00	24.54	11.00	0.47	0.04	33.00	1.38	1.60	3.00	0.00	6.12	3.36	15.29	1.78	1.50	0.44	5.05	1.36	3.68	0.85	14.73	14.12	51.21	11.18	12.39	16.00	12.76	808149.18	130.61	890.44	721296.26	116.58	1277.78	262.71	384.82	18652.52	386.68	566.41	27454.47	234.38	375.02	15235.00	5.48	6.55	476.85	384.47	605.25	16.00	1.00	4.00	11.00	
T14Q2	0	0	0	7.50	146.00	18.25	91.00	76.00	623.29	44.00	301.37	24.00	164.38	18.00	123.29	5.00	34.25	4.00	27.40	11.00	0.52	0.04	30.00	0.63	1.62	2.00	0.00	6.18	3.30	15.67	1.83	1.60	0.44	5.10	1.41	3.80	0.00	14.19	13.61	51.56	10.60	11.60	15.20	13.09	728001.76	117.66	884.25	632625.68	102.25	1312.69	270.31	396.74	16759.08	384.21	563.92	23820.95	250.29	392.69	14516.57	5.31	6.45	398.43	386.69	609.43	13.00	1.00	3.00	9.00	
T14Q3	0	0	0	9.14	147.00	21.00	95.00	79.00	646.26	48.00	326.53	24.00	163.27	18.00	122.45	5.00	34.01	4.00	27.21	11.00	0.52	0.04	29.00	0.71	1.63	2.00	0.00	6.04	3.27	15.67	1.83	1.60	0.46	5.23	1.41	3.96	1.00	14.76	14.15	47.97	11.79	13.00	16.00	13.13	698685.67	112.92	900.35	606088.33	97.96	1292.82	269.64	400.25	17257.09	376.75	559.23	24111.83	252.37	399.58	15142.11	5.34	6.51	416.75	389.70	638.44	12.00	1.00	3.00	9.00	
T15Q1	0	0	0	15.25	243.00	30.38	152.00	143.00	625.51	61.00	251.03	45.00	185.19	23.00	94.65	23.00	94.65	2.00	8.23	14.00	0.65	0.05	43.00	3.50	1.62	1.00	0.00	5.11	3.85	9.71	1.57	2.96	0.44	5.73	1.51	3.94	1.00	16.37	15.70	39.18	15.34	16.53	18.80	12.68	636985.09	102.95	1089.89	264776.98	42.79	1339.76	232.86	431.65	19094.67	307.28	569.59	25196.66	200.36	400.71	15227.00	4.97	6.52	577.09	422.13	635.08	33.00	7.00	10.00	16.00	
T15Q2	0	0	0	15.38	241.00	30.13	150.00	142.00	622.41	62.00	257.26	47.00	195.02	18.00	74.69	23.00	95.44	2.00	8.30	12.00	0.64	0.05	45.00	3.25	1.64	0.00	0.00	5.11	3.77	9.19	1.44	3.26	0.44	5.64	1.45	3.84	0.75	16.68	15.99	37.60	15.50	16.75	19.20	13.11	623033.72	100.70	1092.78	260511.46	42.10	1328.18	214.53	434.85	15874.97	281.54	570.69	20833.96	187.75	402.33	13142.73	4.99	6.69	559.13	423.82	612.00	31.00	6.00	9.00	15.00	
T15Q3	0	0	0	15.38	237.00	29.63	150.00	142.00	632.91	57.00	240.51	48.00	202.53	21.00	88.61	24.00	101.27	2.00	8.44	13.00	0.68	0.05	46.00	3.88	1.65	0.00	0.00	5.08	3.67	9.40	1.48	2.96	0.45	5.56	1.48	3.69	1.00	16.83	16.13	37.19	15.43	16.46	19.20	12.05	645642.01	104.35	1102.85	262101.06	42.36	1354.75	220.21	423.47	17176.12	297.33	571.79	23192.00	188.10	397.39	13355.10	4.87	6.53	545.99	420.92	608.00	30.00	6.00	8.00	14.00	
T16Q1	0	0	0	14.63	164.00	20.50	109.00	102.00	664.63	52.00	317.07	34.00	207.32	19.00	115.85	4.00	24.39	1.00	6.10	5.00	0.61	0.03	23.00	4.00	1.66	1.00	0.00	5.57	4.33	9.85	0.89	7.50	0.43	6.11	1.82	4.41	1.00	12.82	12.29	45.72	11.98	13.17	13.60	13.66	699208.48	113.01	1044.76	231859.29	37.47	1360.79	281.25	425.78	20249.83	367.41	556.22	26453.72	229.38	384.65	14909.45	5.46	6.14	529.77	417.48	635.60	19.00	3.00	6.00	10.00	
T16Q2	0	0	0	12.50	170.00	21.25	112.00	106.00	658.82	54.00	317.65	34.00	200.00	20.00	117.65	4.00	23.53	1.00	5.88	5.00	0.59	0.03	21.00	4.00	1.64	1.00	0.00	5.99	4.46	11.24	0.90	7.50	0.43	6.05	1.83	4.42	1.00	12.38	11.87	46.92	11.99	12.99	13.20	12.96	762879.70	123.30	1026.27	200309.82	32.37	1386.63	295.53	435.51	22460.04	377.58	556.43	28696.11	239.61	394.65	16293.29	5.42	6.07	542.05	422.69	625.19	17.00	3.00	6.00	9.00	
T16Q3	0	0	0	11.89	161.00	17.89	105.00	99.00	652.17	50.00	310.56	31.00	192.55	20.00	124.22	4.00	24.84	1.00	6.21	5.00	0.64	0.03	20.00	3.56	1.64	1.00	0.00	5.39	4.08	10.16	0.85	7.50	0.40	5.85	1.83	4.31	0.00	11.65	11.16	49.95	10.74	11.42	11.60	13.09	683702.40	110.50	992.11	199161.20	32.19	1338.41	276.04	426.24	18770.59	356.23	550.06	24223.54	220.17	385.30	13210.29	5.47	6.25	503.42	419.21	629.55	19.00	3.00	7.00	10.00	
T17Q1	0	0	0	8.00	135.00	9.00	83.00	81.00	614.81	42.00	311.11	27.00	200.00	12.00	88.89	2.00	14.81	5.00	37.04	5.00	0.60	0.03	13.00	0.60	1.44	0.00	0.00	7.80	3.81	17.19	1.67	1.50	0.40	6.36	1.82	4.59	1.00	8.45	8.10	75.50	4.96	4.77	7.20	8.34	437166.48	70.66	1232.87	162478.71	26.26	1638.98	314.55	466.21	17615.04	394.13	584.16	22071.42	281.76	433.07	15214.99	5.12	5.67	384.31	445.84	623.69	14.00	1.00	3.00	8.00	
T17Q2	0	0	0	8.00	136.00	8.50	83.00	81.00	610.29	43.00	316.18	27.00	198.53	10.00	73.53	3.00	22.06	5.00	36.76	7.00	0.59	0.03	12.00	1.56	1.38	0.00	0.00	7.12	3.98	14.70	1.80	1.67	0.42	6.34	1.88	4.62	1.00	8.08	7.74	81.26	4.04	4.40	6.40	8.18	412542.74	66.68	1329.40	141088.96	22.80	1687.27	336.22	489.58	19164.36	401.11	584.07	22863.18	299.87	452.53	16492.71	5.04	5.57	377.73	460.82	623.69	14.00	1.00	1.00	7.00	
T17Q3	0	0	0	7.50	144.00	9.00	86.00	84.00	597.22	46.00	319.44	25.00	173.61	12.00	83.33	3.00	20.83	5.00	34.72	5.00	0.63	0.03	13.00	0.56	1.40	0.00	0.00	7.10	3.70	16.36	2.33	1.33	0.40	6.27	1.85	4.71	0.92	8.28	7.94	79.03	4.47	4.69	7.20	8.24	484829.17	78.36	1233.83	93945.63	15.18	1604.20	307.78	472.66	17235.63	380.10	583.73	21285.86	269.78	446.17	14028.51	5.03	5.69	382.03	450.28	634.17	14.00	1.00	2.00	7.00	
T1Q1	0	0	0	8.06	189.00	11.81	116.00	107.00	613.76	62.00	328.04	39.00	206.35	9.00	47.62	6.00	31.75	10.00	52.91	0.00	0.63	0.06	16.00	5.13	1.40	3.00	0.00	9.27	5.48	18.08	1.11	3.33	0.52	6.92	1.70	4.90	1.00	8.84	8.48	76.67	5.50	6.06	7.60	9.19	586243.87	94.75	1025.06	241304.26	39.00	1464.60	303.75	435.00	24603.75	399.72	572.43	32376.96	282.53	409.66	22602.07	5.19	5.47	570.84	430.80	666.31	24.00	7.00	5.00	13.00	
T1Q2	0	0	0	9.00	187.00	12.47	115.00	107.00	614.97	63.00	336.90	38.00	203.21	9.00	48.13	5.00	26.74	7.00	37.43	0.00	0.62	0.06	17.00	4.80	1.40	2.00	0.00	9.25	5.46	18.16	1.22	3.80	0.53	7.00	1.65	4.99	1.00	9.21	8.83	75.65	5.80	6.49	8.40	9.32	581005.74	93.90	1119.76	266650.74	43.10	1608.28	302.32	434.59	24185.74	397.60	571.55	31808.00	280.90	408.90	22190.76	5.28	5.52	580.67	431.26	650.17	24.00	6.00	6.00	15.00	
T1Q3	0	0	0	8.00	194.00	12.93	118.00	110.00	608.25	63.00	324.74	40.00	206.19	9.00	46.39	6.00	30.93	7.00	36.08	0.00	0.60	0.06	18.00	4.53	1.39	2.00	0.00	9.78	5.49	19.35	1.22	3.83	0.53	7.00	1.65	4.92	1.00	9.39	9.00	75.97	5.88	6.55	8.40	9.10	569486.29	92.04	1137.59	260957.40	42.18	1601.15	314.09	436.04	26697.92	412.50	572.65	35062.50	290.68	408.33	24416.95	5.27	5.51	595.77	434.09	655.29	26.00	7.00	6.00	15.00	
T2Q1	0	0	0	8.00	210.00	11.67	129.00	121.00	614.29	77.00	366.67	28.00	133.33	17.00	80.95	7.00	33.33	1.00	4.76	7.00	0.56	0.05	16.00	3.83	1.40	1.00	0.00	5.46	4.23	11.57	1.94	3.00	0.51	6.61	1.85	5.34	1.00	8.52	8.16	76.15	5.54	4.97	7.20	7.92	849007.55	137.22	969.17	248700.86	40.20	1211.47	346.88	461.31	33646.97	408.34	543.05	39609.09	318.28	456.20	28645.12	5.97	6.37	722.72	434.69	689.48	28.00	4.00	10.00	19.00	
T2Q2	0	0	0	7.78	189.00	10.50	118.00	110.00	624.34	67.00	354.50	29.00	153.44	15.00	79.37	7.00	37.04	1.00	5.29	7.00	0.62	0.05	14.00	4.06	1.41	1.00	0.00	6.03	4.25	12.86	2.13	3.00	0.52	6.69	1.84	5.22	1.00	8.17	7.83	77.11	5.11	4.45	6.80	8.00	754631.78	121.97	954.08	270683.47	43.75	1162.29	345.24	457.73	30726.12	412.56	546.99	36717.78	319.69	449.08	26853.66	5.85	6.27	643.24	428.08	689.84	27.00	4.00	9.00	19.00	
T2Q3	0	0	0	8.11	196.00	10.89	120.00	113.00	612.24	70.00	357.14	28.00	142.86	15.00	76.53	7.00	35.71	1.00	5.10	8.00	0.60	0.05	15.00	3.83	1.41	1.00	0.00	5.61	4.33	11.32	2.13	3.00	0.51	6.60	1.83	5.24	1.00	8.34	8.00	76.65	5.27	4.61	6.80	7.95	800612.44	129.40	956.13	231376.43	37.40	1181.65	341.38	460.29	30383.12	403.42	543.93	35904.08	313.34	453.02	26007.36	5.94	6.36	665.15	429.77	682.11	29.00	4.00	10.00	20.00	
T3Q1	0	0	0	10.64	212.00	15.14	129.00	114.00	608.49	54.00	254.72	54.00	254.72	11.00	51.89	10.00	47.17	3.00	14.15	11.00	0.52	0.02	36.00	2.21	1.58	3.00	0.00	7.58	4.20	12.87	1.91	3.50	0.47	5.74	1.70	3.72	1.00	12.29	11.78	57.38	9.02	8.05	12.40	10.59	813211.38	131.43	863.89	455930.26	73.69	1138.56	286.35	410.43	25771.40	407.74	584.42	36696.28	259.98	404.06	21578.07	5.22	5.71	616.25	425.66	663.25	23.00	9.00	3.00	6.00	
T3Q2	0	0	0	10.50	222.00	15.86	136.00	121.00	612.61	56.00	252.25	57.00	256.76	14.00	63.06	9.00	40.54	3.00	13.51	11.00	0.50	0.02	37.00	2.36	1.57	3.00	0.00	7.71	4.75	12.91	1.64	2.67	0.47	5.86	1.67	3.75	0.95	12.42	11.90	58.12	9.09	8.33	12.40	10.50	833978.29	134.79	925.31	433489.10	70.06	1241.17	298.66	418.74	28970.19	416.29	583.67	40380.53	272.92	412.41	24562.72	5.19	5.60	653.82	433.15	653.25	25.00	11.00	4.00	6.00	
T3Q3	0	0	0	10.71	239.00	17.07	145.00	126.00	606.69	59.00	246.86	63.00	263.60	11.00	46.03	12.00	50.21	3.00	12.55	12.00	0.47	0.03	35.00	2.29	1.53	5.00	0.00	8.35	4.95	13.83	1.91	2.25	0.48	5.76	1.68	3.65	1.00	12.16	11.66	60.31	9.09	8.45	12.40	9.89	893067.69	144.34	901.26	472864.13	76.43	1235.37	312.96	424.10	33486.57	431.16	584.28	46133.97	290.61	417.21	29351.30	5.05	5.38	686.70	430.80	652.67	26.00	11.00	4.00	5.00	
T4Q1	0	0	0	9.33	142.00	15.78	89.00	82.00	626.76	33.00	232.39	22.00	154.93	26.00	183.10	8.00	56.34	1.00	7.04	4.00	0.45	0.04	30.00	3.44	1.58	0.00	0.00	4.57	3.45	10.82	1.12	3.25	0.46	6.38	1.61	4.47	0.75	13.56	13.00	56.77	9.26	9.94	14.40	12.57	911527.20	147.32	955.46	348924.64	56.39	1032.42	321.31	439.95	20885.45	404.01	553.18	26260.73	280.17	395.79	17650.62	5.74	6.55	447.55	424.27	656.82	17.00	4.00	4.00	8.00	
T4Q2	0	0	0	10.22	160.00	17.78	105.00	95.00	656.25	36.00	225.00	28.00	175.00	31.00	193.75	10.00	62.50	1.00	6.25	4.00	0.44	0.03	32.00	2.22	1.59	0.00	0.00	4.42	3.28	10.07	1.13	2.90	0.48	6.78	1.62	4.52	0.89	13.90	13.33	54.49	10.08	11.24	14.80	12.94	906649.24	146.53	897.74	378201.97	61.13	983.59	317.27	438.33	24112.27	400.55	553.39	30441.98	278.48	400.55	20328.76	5.97	6.59	566.79	424.50	658.08	16.00	3.00	5.00	8.00	
T4Q3	0	0	0	9.78	142.00	15.78	89.00	82.00	626.76	33.00	232.39	24.00	169.01	25.00	176.06	7.00	49.30	1.00	7.04	4.00	0.53	0.04	30.00	3.00	1.61	0.00	0.00	4.76	3.73	10.33	1.20	3.29	0.47	6.65	1.52	4.49	1.00	13.56	13.00	54.39	9.59	10.24	14.40	12.94	905623.49	146.37	1010.35	349252.46	56.45	1160.07	296.52	432.62	18087.53	379.53	553.74	23151.21	259.82	391.93	15329.39	6.03	6.62	488.21	422.92	639.78	16.00	3.00	4.00	8.00	
T5Q1	0	0	0	10.92	280.00	21.54	160.00	147.00	571.43	78.00	278.57	42.00	150.00	27.00	96.43	13.00	46.43	5.00	17.86	14.00	0.59	0.04	60.00	7.08	1.71	3.00	0.00	5.11	3.67	10.88	1.37	2.92	0.38	5.23	2.12	4.14	1.00	15.40	14.77	40.25	13.00	12.40	16.80	12.04	788750.69	127.48	857.58	312754.86	50.55	1234.99	198.89	402.81	15712.11	273.84	554.62	21633.66	165.48	362.68	12079.68	5.84	7.35	741.36	406.67	643.13	39.00	4.00	18.00	25.00	
T5Q2	0	0	0	11.83	280.00	23.33	165.00	148.00	589.29	78.00	278.57	40.00	142.86	31.00	110.71	16.00	57.14	5.00	17.86	11.00	0.59	0.03	61.00	5.58	1.73	4.00	0.00	4.84	3.73	10.60	1.29	2.69	0.38	5.32	2.12	4.23	0.95	16.01	15.35	36.61	13.95	13.33	17.60	12.08	834081.73	134.81	858.85	352098.45	56.91	1200.85	204.95	393.22	17625.83	288.77	554.03	24834.19	163.28	349.88	12572.47	5.80	7.36	753.82	395.25	625.90	38.00	5.00	17.00	24.00	
T5Q3	0	0	0	11.42	271.00	22.58	157.00	143.00	579.34	75.00	276.75	42.00	154.98	28.00	103.32	12.00	44.28	5.00	18.45	11.00	0.60	0.03	61.00	4.75	1.75	2.00	0.00	5.03	3.64	10.50	1.39	3.08	0.39	5.23	2.06	4.10	1.00	16.01	15.35	36.25	13.81	13.12	17.60	12.28	857033.22	138.52	829.06	373440.61	60.36	1170.80	196.62	395.76	15336.19	276.63	556.81	21577.18	161.23	351.57	11608.51	5.86	7.42	726.33	404.16	627.25	36.00	4.00	17.00	23.00	
T6Q1	0	0	0	10.73	204.00	18.55	131.00	116.00	642.16	67.00	328.43	38.00	186.27	17.00	83.33	9.00	44.12	4.00	19.61	4.00	0.62	0.05	30.00	4.18	1.54	2.00	0.00	6.41	4.33	12.97	1.35	3.78	0.48	5.53	1.70	4.15	1.00	12.56	12.05	57.79	9.81	10.17	12.80	11.12	1066306.94	172.34	735.45	448167.50	72.43	1019.63	210.27	382.57	15139.24	315.50	574.03	22715.73	176.33	349.98	11637.66	5.20	6.61	535.09	404.98	530.71	20.00	0.00	2.00	11.00	
T6Q2	0	0	0	9.67	201.00	16.75	131.00	119.00	651.74	65.00	323.38	40.00	199.00	15.00	74.63	11.00	54.73	4.00	19.90	5.00	0.65	0.05	29.00	4.75	1.55	3.00	0.00	6.02	3.77	12.18	1.27	3.36	0.47	5.42	1.69	4.00	0.93	12.01	11.51	58.94	9.20	9.60	12.00	11.54	955941.66	154.50	920.12	327772.08	52.98	1271.69	195.34	370.87	13478.70	300.45	570.42	20731.08	169.24	346.41	10831.15	5.20	6.67	530.03	393.27	521.17	21.00	0.00	2.00	9.00	
T6Q3	0	0	0	10.55	184.00	16.73	121.00	108.00	657.61	58.00	315.22	38.00	206.52	15.00	81.52	10.00	54.35	4.00	21.74	4.00	0.71	0.05	25.00	4.73	1.55	3.00	0.00	6.18	3.86	12.42	1.13	3.50	0.46	5.34	1.72	3.91	0.93	11.74	11.26	58.82	9.21	9.61	11.60	11.56	922117.46	149.03	915.73	381768.18	61.70	1272.78	204.15	374.27	13473.82	311.42	570.94	20553.82	172.12	347.12	10327.44	5.13	6.60	482.04	393.63	509.38	17.00	0.00	3.00	7.00	
T7Q1	0	0	0	11.75	219.00	27.38	134.00	119.00	611.87	62.00	283.11	42.00	191.78	20.00	91.32	10.00	45.66	3.00	13.70	6.00	0.55	0.04	21.00	8.50	1.47	2.00	0.00	5.95	4.13	11.17	1.45	4.30	0.49	5.65	1.63	4.03	0.95	12.38	11.87	54.27	12.49	13.91	14.40	10.28	1300889.41	210.25	900.58	501461.69	81.05	1232.99	273.95	403.40	24929.25	390.49	568.76	35925.31	235.01	366.17	20210.64	5.32	6.53	579.34	416.78	603.82	22.00	5.00	8.00	11.00	
T7Q2	0	0	0	13.38	198.00	24.75	123.00	106.00	621.21	52.00	262.63	41.00	207.07	18.00	90.91	12.00	60.61	4.00	20.20	4.00	0.60	0.05	17.00	10.13	1.41	3.00	0.00	6.31	4.10	12.02	1.50	3.58	0.50	5.71	1.66	3.92	1.00	11.46	10.98	62.50	10.69	12.02	12.80	9.56	1294569.01	209.23	853.44	571631.80	92.39	1106.29	275.70	394.31	23710.13	404.49	571.86	35190.44	240.60	356.55	19969.93	5.31	6.28	552.50	405.19	604.20	22.00	5.00	9.00	10.00	
T7Q3	0	0	0	14.25	228.00	28.50	141.00	122.00	618.42	61.00	267.54	46.00	201.75	22.00	96.49	12.00	52.63	3.00	13.16	5.00	0.53	0.04	18.00	9.13	1.40	3.00	0.00	6.28	4.07	12.07	1.82	3.58	0.50	5.91	1.53	4.03	0.93	11.70	11.22	59.17	12.09	13.75	14.00	9.37	1394400.32	225.37	922.70	582492.05	94.14	1271.62	270.94	397.94	26009.87	403.55	569.01	40355.32	235.59	361.07	21674.16	5.18	6.30	601.30	408.49	606.38	23.00	5.00	7.00	11.00	
T8Q1	0	0	0	12.25	231.00	28.88	128.00	115.00	554.11	64.00	277.06	39.00	168.83	14.00	60.61	11.00	47.62	4.00	17.32	10.00	0.53	0.04	25.00	6.50	1.53	1.00	0.00	6.02	4.52	11.10	0.43	3.82	0.44	5.99	1.60	4.33	0.88	13.23	12.68	48.25	13.70	13.85	15.20	9.26	1004653.27	162.37	864.99	424862.20	68.67	1405.34	225.37	389.82	16677.17	331.85	574.01	24557.02	194.73	366.54	13241.41	5.65	6.58	621.64	403.22	647.60	25.00	6.00	9.00	16.00	
T8Q2	0	0	0	11.33	258.00	28.67	147.00	134.00	569.77	74.00	286.82	44.00	170.54	15.00	58.14	14.00	54.26	4.00	15.50	10.00	0.54	0.04	25.00	7.11	1.52	1.00	0.00	6.67	4.89	12.73	0.40	3.79	0.45	6.07	1.76	4.47	0.93	12.65	12.13	49.20	13.52	13.93	14.80	9.50	940023.48	151.93	964.39	328212.23	53.05	1489.26	228.05	389.81	19612.68	338.46	578.52	29107.20	201.47	370.20	16117.55	5.53	6.40	701.96	408.30	639.73	30.00	6.00	10.00	17.00	
T8Q3	0	0	0	12.75	244.00	30.50	138.00	122.00	565.57	68.00	278.69	41.00	168.03	18.00	73.77	11.00	45.08	4.00	16.39	8.00	0.55	0.04	30.00	6.50	1.56	2.00	0.00	6.36	4.69	12.34	0.61	3.82	0.44	6.00	1.56	4.33	1.00	14.19	13.61	43.78	14.73	15.27	16.80	11.02	1076173.95	173.93	862.32	476310.17	76.98	1386.34	217.66	385.09	16977.43	325.20	575.35	25365.26	189.78	363.74	13663.83	5.68	6.65	670.74	399.73	631.27	27.00	6.00	8.00	19.00	
T9Q1	0	0	0	11.10	237.00	23.70	151.00	143.00	637.13	93.00	392.41	26.00	109.70	18.00	75.95	14.00	59.07	4.00	16.88	4.00	0.60	0.11	29.00	8.50	1.54	2.00	0.00	4.68	3.35	12.19	1.56	3.50	0.46	5.16	1.75	4.42	0.77	12.86	12.33	52.13	11.88	12.90	14.00	11.31	983929.04	159.02	601.77	205683.72	33.24	832.85	148.17	414.31	8000.94	201.08	562.28	10858.29	128.49	373.12	6681.48	3.80	6.52	334.13	408.82	627.64	18.00	1.00	2.00	12.00	
T9Q2	0	0	0	11.70	235.00	23.50	146.00	136.00	621.28	77.00	327.66	33.00	140.43	21.00	89.36	15.00	63.83	5.00	21.28	4.00	0.64	0.07	32.00	8.50	1.57	2.00	0.00	4.81	3.42	10.88	1.62	3.07	0.43	5.42	1.70	4.31	0.95	13.35	12.80	49.78	12.15	13.03	14.40	11.60	989211.27	159.88	695.78	242757.82	39.24	994.86	179.32	415.56	11296.85	242.79	562.67	15296.05	150.85	379.72	8749.26	4.53	6.42	466.17	414.90	627.64	20.00	1.00	5.00	12.00	
T9Q3	0	0	0	9.90	231.00	23.10	141.00	130.00	610.39	78.00	337.66	28.00	121.21	21.00	90.91	14.00	60.61	5.00	21.65	4.00	0.63	0.08	33.00	8.50	1.57	2.00	0.00	4.90	3.56	12.25	1.29	3.07	0.43	5.14	1.70	4.23	0.69	13.51	12.95	50.45	11.96	12.73	14.80	11.48	1081634.40	174.82	615.14	281119.21	45.44	886.01	155.72	399.20	8564.40	219.92	563.80	12095.71	133.22	361.23	6927.43	4.40	6.67	409.35	394.81	627.64	20.00	2.00	4.00	11.00	
